Item  = Shirt(W)             1     3     2     1  1 1  1 1 1   300     0      11   1      20      100    2     0      0     
Item  = Chemise(W)           1     3     2     1  1 1  1 1 1   300     0      11   0     200      100    1     0      0     
Item  = Bodice(W)            1     2     2     1  1 1  1 1 1   400     0      13   0     150      200    1     0      0     
Item  = LongBodice(W)        1     2     2     1  1 1  1 1 1   400     0      13   1     180      200    2     0      0     
Item  = Skirt(W)             1     4     2     1  1 1  1 1 1   300     0      12   0     200      100    1     0      0    
Item  = Trousers(W)          1     4     2     1  1 1  1 1 1   300     0      12   1      80      100    2     0      0    
Item  = KneeTrousers(W)      1     4     2     1  1 1  1 1 1   300     0      12   2      20      100    3     0      0    
Item  = Cape                 1     12    2     2  1 1  1 1 1   300     0      20   2    500      200    3     0      0
Item  = Cape+1                1     12    2     2  1 1  1 1 1    300      0      20   5     500     200    6     0       0

Item  = Robe(M)              1     2     2     10 10 0 14 100 0  1500   0     9    5    2000     1000    6     0      0 
Item  = WizardRobe(M)        1     2     2     12 1 0  14 100 0  3000   0     9    5    3000     1000    6     0     80
Item  = Wizard-Cap(M)        1     1     2     5  10 0 14 110 0  500    0     21   4    8000    1500    7     0     90
Item  = Wizard-Hat(M)        1     1     2     10 15 0 14 130 0  800    0     21   5    12000     1500    8     0    120

;Item  = SantaCostume(M)       1    13     14     10 25 0 0 0 0   1500  0    9    6    18000  1000    7   0     0     1   
;Item  = SantaCostume(W)       1    13     14     10 25 0 0 0 0   1500  0   13   7    18000  1000    8   0     0     2   

Item  = Robe(W)              1     2     2     10 10 0 14 100 0  1500   0     13   6    2000     1000    7     0      0 
Item  = WizardRobe(W)        1     2     2     12 1 0  14 100 0  3000   0     13   6    3000     1000    7     0     80
Item  = Wizard-Cap(W)        1     1     2     5  10 0 14 110 0  500    0     21   4    8000    1500    7     0     90
Item  = Wizard-Hat(W)        1     1     2     10 15 0 14 130 0  800    0     21   5    12000     1500    8     0    120

Item  = Shoes                1     5     2     1  1 1  1 1 1   300     0      5    0      20      200    1     0      0      
Item  = LongBoots            1     5     2     1  1 1  1 1 1   300     0      5    1     100      500    2     0      0      
Item  = Shirt(M)             1     3     2     1  1 1  1 1 1   300     0      7    0      20      100    1     0      0      
Item  = Tunic(M)             1     2     2     3  1 1  1 1 1   300     0      9    4     350      500    5     0      0      
Item  = KneeTrousers(M)      1     4     2     1  1 1  1 1 1   300     0      8    1      20      100    2     0      0      
Item  = Trousers(M)          1     4     2     1  1 1  1 1 1   300     0      8    0      80      100    1     0      0      
